-0.20271071305258223
0.7726188973563646
-0.3861916323106334
0.9141486534754097
-0.8163387542440635
0.5248682691887501
0.45267210495922666
0.45290485565506755
0.1084588615003326
0.9681206430818005
-0.012943064402914803
0.3898656445088221
-0.843608559686293
0.814169433210009
0.1263054142343944
-0.3942227208911633
0.017885721413026842
0.7774487357741112
0.10964274129459346
-0.8220044732186754
1.0
0.4243302030241688
0.1299696598985693
0.3035982511714991
-0.5549705083149059
-0.22276717515864752
0.6155719449987755
-0.5839682365449091
-0.6741670218141341
-0.8733570421511656
-0.3948922525833537
0.8474550039947514
-0.5680814737005204
0.45942204882665155
-0.6507305073766202
-0.9236221895894797
-0.6887200825252564
0.795963134813074
0.9957631562039125
-0.05593291136321371
-0.43490107564218056
0.15579081607078027
-0.7536395455259476
-0.694549700561349
-0.7000017100155908
-0.3004892929974128
-0.12622277147571465
0.1918731338232459
1.0
-0.27199406219129374
0.9337754836122263
-0.2618000705370949
0.9703431491637541
0.2793932838151834
0.4118892965098394
0.6548668764250501
0.7045067846780224
-1.0
-0.5488846179156703
-1.0
0.3598098907546625
0.5924695785486978
0.3411586523798067
-0.778783197968996
-0.13747643395699644
0.001600648585534617
0.3789344906986211
-1.0
-0.8949093956196464
1.0
-0.7164175159862429
-0.6441942746763655
-0.7503006671612105
0.9656441296526717
-0.33553290171956274
0.4400382976094084
-0.215497052606634
0.0550277455248126
0.04856354193877688
0.33618094065277826
0.5110764692911685
-0.7513796781063425
0.06779715301377354
0.6812782602579011
0.4819196602001412
1.0
-0.8906632927527377
0.2734561916743479
0.6729480352114887
-0.048259330230479014
-0.5647056829330208
-0.8514060663192093
1.0
-0.9231234548333159