0.1526640179402008
-0.05389795523849261
0.49029281343119324
-0.9137397296474696
0.9448105982040869
-0.5936189552810089
0.33756553493048047
0.12159533793050104
-0.541808198236893
0.9612338364414914
-0.7682191072921276
-0.7938110526630093
-0.6654581167759801
-0.8394638305745963
0.493224260976447
-0.22308891136528897
0.03147655331723742
0.23641472672516461
-0.3591810418583181
-0.5540562143066374
-0.5358908521132677
-0.18541294532748576
0.8773374626486607
-0.3140634320403295
-0.8347705228255857
0.7784372998970555
0.8785259507644152
-0.2364380824000618
-0.4778442498525406
0.4069722922855532
0.36352548258417583
0.6257253736746946
0.978164173970405
0.6366149523256355
0.4703899952137254
-0.796536314580055
0.6895355486449872
0.9501559367774561
0.1860644224278598
0.2237140526439214
0.7310705502078598
0.36996202676627177
0.8912122876341244
0.43799895639122477
-0.7588295351372287
0.12186888717458744
0.5545187084246173
0.5795865002938225
-0.854545290160867
0.08915990094468795
-0.02009513212485814
-0.8309216528553685
0.525000727081786
0.7815937305764049
-0.4080458540586125
0.7541063506237233
0.2438449134311289
0.32918706664403086
0.7766851180327967
-0.23155469220715608
0.8167365633701711
-0.08993337840639182
-0.44383324065082697
0.44224576726280485
0.7317786391776753
0.03764918450119836
-0.7063706250201514
-0.15794738984450984
0.5524620555179414
0.31617180613371065
-0.5445259459456873
0.8958197461328179
-0.2603615332638787
-0.3858860583441497
-0.3620007347859717
-0.5820367186045756
0.396838184522315
0.7629832677479538
0.4507773655427154
-0.8383691532675548
-0.643320330533357
0.5385039112032666
-0.7641826709513777
0.7845849603108441
-0.30056890239783685
0.5479449198047706
0.28151194564112414
-0.9468596620491216