-0.7280748705116926
0.5590334075261112
-0.4328376691964986
0.301914175843377
-0.49440226396418474
0.4898917893805279
0.25567916009803704
0.6448260927742551
-0.3447388379675136
-0.6001105852286697
0.9919153846536326
0.6574118113001075
-0.8015287203408956
-0.3439680127909843
-0.39968599170719754
0.05761364876688235
-0.06835661851766561
0.6493309685689832
0.5780300421570836
-0.7440846602125302
0.5547456998461782
0.3397318167118908
-0.1317479839555571
-0.9286155217095968
0.6812351750767811
0.9670189950496033
0.11550493024591368
-0.3501757980093987
-0.5851950366326863
-0.5713099336302832
0.042423174223812365
-0.032722765451876246
-0.40865619801732844
-0.539785993369323
-0.057159609021780966
0.5729172282261039
-0.8543240503105611
-0.4614483384761163
0.46761272844339796
0.2771033772563891
0.5292726843841773
-0.16713759426572028
0.2869613578528978
0.37849417052685275
-0.6871496973317006
-0.5022035517341148
0.4293119248588686
-0.2093228460228247
0.2261429953791545
-0.5952678301337404
-0.13570808827859526
0.4350582367225653
0.7932075877840106
0.40505625438615955
0.6425557412964429
-0.5816383321462428
-0.06357316715571026
-0.841570777377795
-0.9484229893623697
0.6192004395783595
0.5290777463394476
0.5264882559781208
-0.4903878626907605
-0.2921374860649404
-0.47082403325444755
0.6932730879634996
-0.7928160871778658
-0.9818589663685662
-0.74653686373648
0.4742584979854163
0.9900719904666346
0.39496960889916943
0.1545650752155565
-0.3695637639417759
-0.22798470036654161
0.7311736648341134
-0.745481053234391
-0.9643325568725982
0.867907802506547
0.2744263239822555
-0.4315204883857049
0.2584028319663252
-0.3464661071293771
-0.8860500052522724
-0.4618709689037508
-0.024558251253920638
-0.055841446507478354
-0.13165589702249814