-0.3727837206483846
0.3956761322237996
-0.7476546125531223
0.8815919211192726
-0.5383106515531819
0.3239808657590981
0.2601297089277488
0.19211750246381398
-0.14867142454541193
0.5049026077998586
0.4762724137639438
0.4210908432407683
-0.39229764304757664
0.4207882893140158
-0.11904086512274392
0.8418485555465496
0.8600239780606054
0.18117111226367077
0.13524385465611166
-0.9891708367497729
-0.5920862659840938
-0.4414833566248322
-0.5128006465584807
0.41532773452095806
0.7930773552941011
0.737444110946031
0.19495644860518135
-0.2330761331473401
0.19767892898277384
0.29641726711826455
-0.39471998720412205
0.5724516251542289
-0.7647991638709275
0.40392350914640773
0.7431180562587836
0.38349255226593937
-0.874117063817935
-0.37666347993341365
0.3197061543669504
0.753324583177019
0.2693286202867251
0.7198467610567101
-0.838921100462648
-0.08296249609792028
-0.17519954685364425
-0.960546100269247
0.20707330388294398
-0.1828587486269342
-0.04886799705841138
0.9693993525541016
-0.25020135955444633
0.6600570867765017
-0.47475280813288
-0.14982009938208485
-0.838181521614612
0.811830984200713
-0.6532660615811767
0.8467840637107666
-0.2866155544051239
0.22323261085046875
0.35047398659891305
-0.8133192263838829
0.1943588802144498
-0.1279607192147303
0.7592233632964969
0.8807567374795189
-0.7395214358843736
-0.013315587688460306
-0.023204602988483813
-0.49476247631752734
0.8851307890186391
-0.5488309817061134
0.3197617132482815
-0.5580144242111531
0.41759907272634855
-0.9606353184700862
0.8227710618948472
0.9660856756037495
0.7465815293554481
-0.4319936383913894
0.25532973796031255
-0.7960804206829204
0.9377539033380633
-0.17508699540331651
0.2526531747179501
0.712946403249558
-0.5429162637462557
0.0821988001083942