0.3172115203334729
0.369564146385016
-0.5876908881620831
-0.1420614528456934
0.7769334411373388
0.6890559978777245
0.6106526281298155
-0.5064527327689021
0.18381213281076914
0.42876818731537436
0.4799332060967394
0.04082850962001294
0.9856801760254181
0.27772178763332256
0.9065156440111892
0.43132828043261306
0.6406306492669493
0.6152221197095544
-0.41457941991481423
0.1154324922244423
-0.16381700086290452
-0.7438603292878536
0.44811860423982197
-0.18112206285984733
0.5536370090328
-0.9535030392883312
0.8530685817872613
0.16014561721261977
-0.23457769251623084
-0.6939908102166306
-0.15010049744138199
0.6848367465992167
0.904166332682427
0.5166717153933187
0.0902868659032876
0.16121186040795044
0.18228358587857052
0.01912565781572903
0.415126398324394
0.6299633422999187
-0.8493513885799548
0.358256265229526
0.7292045000893109
0.890947672742204
-0.7992426451402074
-0.7072800821066686
-0.2196988007777816
0.5754325293082362
-0.5666876286440508
-0.4328175527427074
-0.5770355697654102
0.45221876299576746
-0.4007733174514149
0.6800388247660512
-0.17923605786488883
0.6495954797652432
0.8050505652828692
0.5381618683083251
-0.30285344622102045
-0.4477227541906287
1.0
-0.9856786391797547
-0.4167581610845692
0.5678720364099961
-0.0891609231622981
0.019549683541785726
-0.46709883864723395
0.10828347702835939
0.5064943503988716
-0.43649271275928203
0.8386233539937122
-0.08057174073456833
0.7755972150438764
0.28786935760939664
0.5625883645388031
0.33831960604231415
-0.7256486354255746
0.9020520657859752
-1.0
0.16630245688015322
0.8764956971903604
0.10149058890202678
0.979393185528067
-0.3664704327726396
-0.0313922428204538
-0.303537864193822
-0.7779996095854989
0.24414043521938408