-0.3470172711395161
-0.20480186355988916
0.05784553928677144
-0.29598411762945265
0.8327985233491335
-0.26483529499218017
0.23526203885223274
-0.5070179496109495
0.19882729288504564
-0.44732794542763066
0.5974873074285505
0.150056764754648
0.30279303542339653
-0.4123234441862704
0.831781854627804
-0.313258100544767
-0.5489346239959345
0.25106166269287666
-0.2741137061559611
0.20290662788775155
-0.39860892977325585
-0.3363979988332541
0.6325682707627688
-0.733223612802747
0.5676714639398395
-0.03337132401530407
0.910716200451283
0.8472351774794862
0.8536700396261037
-0.49461040229410047
-0.13825110690391162
0.9790918644228583
-0.3273732019913249
-0.3645682476648822
0.7559972171307459
-0.4017187675648821
0.03955147681805743
-0.43903156366905427
0.9602822957647283
-0.6411852033494893
-0.12016016831690446
-0.4595672235901167
0.3552714653821367
-0.48857587895604393
-0.4298891453011707
-0.4588919798807696
0.8341943243843863
-0.05634990768392842
0.47002109039852624
0.7873622270010721
0.8757974728508786
0.161129137693099
-0.6815018113974165
0.041724706327604985
-0.763542074728099
0.03647958137430862
-0.7705686833914994
-0.062279154168162876
-0.6300797013774687
-0.42319953738737104
0.5685931269796327
-0.6800333345729792
0.4145131287712931
0.2628008767271977
-0.8397222767899784
-0.20355102037568917
-0.641922897760903
0.642459300572545
0.7087899948003227
-0.38304508925819175
0.887872657439654
0.3476135997400612
0.9187153264344663
-0.23677866139075682
0.47034611636498513
-0.5607839459383168
-0.7206657868172293
-0.8418720574558836
-1.0
0.6862134098075123
0.4408451591274678
0.22608858731466625
0.30336046930680105
0.6659589666650996
0.7381987181712026
-0.7517478959189976
0.8693422377145715
0.3327222533719815