0.5909622935740293
-0.2760507225022413
-0.36220348660855195
0.40228538356306376
0.34962693398090416
-0.039243884432623055
-0.29632008009469746
-0.2016785902005129
0.03466935382636671
0.7246706545735988
0.9898506617227014
-0.2373094187194329
-0.11892988508821345
-0.6809770836082247
-0.9777222167773127
-0.4521195644517239
0.7975724017281336
0.016559007327655084
-0.17130558664334883
0.11963976754771899
0.35166554850350074
0.13267500629146056
-0.7770565741808861
-0.8550570350722402
-0.4337031961221418
-0.6083243792933253
-0.27736483623080344
-0.07180760462611602
-0.8599575765854646
0.12939996568010725
0.6293223091165374
0.6094738695050648
0.18030300679066125
0.4566997356286644
0.8808906591125831
-0.3390913164292122
0.072265810611154
-0.8373350061063716
0.932972679382071
0.14582779294489878
-0.7380507093021427
-1.0
-0.2077710901242793
0.04327190464181771
-0.2944738011187227
0.9427041653539812
0.7557709683082151
0.7196805608310877
0.8008102744761258
0.31329871922415764
-0.23968994032440039
-0.060349181440506605
0.5305512484702002
-0.7284963976752445
0.8156487291942454
-0.002699345276630405
0.08979806612366636
-0.15446760313837804
-0.8830300588794928
0.026938472911417627
0.8838352627206776
0.6627310266306177
-0.42221036371346266
-0.008221948127100198
0.3300760433449301
0.6080883300394178
-0.7006356270147684
-0.42562370855264686
0.9412336751296257
0.7387205798522987
-0.8505866399669222
-0.3929253130139363
0.8201339417401263
-0.8818826941079814
0.5380771246406102
0.4907911489130077
-0.43450094599005795
-0.782337122738382
0.6873994411166591
-0.35523828678613434
-0.32147988447097897
0.2842674629053519
0.8020659036182878
-0.8828557366120637
0.14004045679300092
-0.0006343095790768416
-0.27900348979092704
-0.4174840926711614