-0.5565493840312334
0.8692204464203861
0.10428608743959766
-0.5178122096862348
0.5602236010177235
0.37659997629670516
0.07862061586829072
-0.18226288224854637
-0.9133451116186007
-0.9619526779260839
0.32196438554824547
0.5807871267742102
0.12208799730801934
-0.5360675358995519
-0.685694260222715
-0.09249687913829452
-0.5519060961285949
0.7468630922737218
0.26658791451042596
-0.16345665253296682
0.3360540592702288
0.07387557010912182
0.9581408376698552
0.2013259974485988
0.646422055164225
-0.7820678521440678
0.06689269061192915
-0.8550889485536548
0.013430169390427071
0.44838076463029264
-0.6078516886801637
-0.5550943972369364
0.783526707201248
0.9822319069139274
0.011774556783601398
-0.9437615303871576
-0.09626525150389287
-0.1898648308114379
0.7955482537249441
-0.7968390761019095
-0.41179502874033047
0.8460475638546221
-0.7294161184100505
0.605946261214986
-0.16739041025071133
0.8229565712139784
-0.3551582981966894
-0.6569872948768782
0.165427295548505
0.4915156603456452
0.7633709150198551
-0.28333261909319174
0.880635058741494
-0.5689058247729948
-0.9569071791614361
0.4186369958199492
0.5729757079074487
-0.4658903396803715
0.6725101920894352
-0.6180298905119479
0.6015262520234212
0.6494924111821152
0.4976543849132251
-0.6176989344670405
-0.5488922951300714
0.06166975251463702
-0.7651563483871364
0.15390335459896276
0.8971932850606865
-0.820604652608121
-0.5006458875520485
-0.3700773718453765
0.029638402864175184
0.48245193709619594
-0.048975287762196285
-0.590051816972176
0.49615778443816594
0.573745223199349
0.8695333427076493
0.3184349584639887
-0.7464721092654125
-0.005343868473524305
-0.16571065980657118
0.596566384530113
0.14397948766988877
-0.6163063256449897
0.8076316328498736
0.5874255068889978