0.0
0.0
0.0
0.0
0.24372488814477
-0.7758841335279212
0.3524097806941051
0.0
0.0
-0.690230804781903
0.0
0.0
0.1835781177174718
-0.9702932314782806
0.8518165934832906
0.0
0.3741349580338742
0.24660123905450648
-0.5188856627306495
0.0
-0.31319860409276146
0.0
0.5081504084394417
0.0
-0.8442929938696964
-0.49649406739157564
0.03181253295057673
0.8193949228296147
0.0
0.5635193967701846
0.0
0.0
0.13335772545026847
0.32248865848250663
-0.4506177968463574
0.05934917535576667
-0.010095179096504259
-0.9355739585488765
-0.49322008826844455
0.050116039025047465
0.7946050046046458
-0.34757267902019495
0.09011630228069367
0.0
0.8701114515714905
-0.3171596696255701
0.42065233079136743
-0.42995520939129217
0.5523857945446473
0.06862355223896888
0.8037559825386593
-0.9376746858247891
0.31317688547359257
-0.782115172213558
0.4165135222000689
0.20588177496302484
0.0
0.0
-0.9337495398860949
-0.7800502081423795
0.7425757062426992
-0.327458869490564
-0.7255163736127712
0.9896643805585033
-0.6329487909732205
-0.7168250408659211
0.0
-0.7103402382039967
0.4748335548700118
-0.9631967074559118